139
139
139
139
139
140
140
142
142
149
142
142
142
142
136
136
136
131
131
164
136
136
136
154
154
154
110
110
140
140
140
140
140
140
140
144
139
139
142
136
136
144
144
144
142
141
141
139
139
140
160
160
141
139
140
140
140
140
140
140
141
141
141
142
141
142
142
144
144
144
149
164
163
150
163
121
144
144
144
144
144
144
144
144
144
154
118
118
114
114
139
142
142
142
142
142
142
163
159
159
159
118
118
118
165
112
112
140
140
114
141
149
149
132
132
137
136
159
159
137
131
131
131
165
165
165
149
117
117
113
159
114
114
114
109
109
109
111
111
137
137
137
137
163
163
159
159
165
159
144
144
144
144
144
149
149
126
126
126
126
133
154
149
149
149
149
159
159
159
159
149
149
154
154
149
149
149
149
149
149
149
150
150
150
150
150
150
150
150
144
144
144
154
149
154
154
154
154
154
149
149
149
144
149
149
149
149
149
149
149
149
154
154
149
149
149
137
137
132
132
132
137
137
158
158
136
136
136
136
136
136
136
132
132
132
132
132
154
153
153
136
131
131
131
131
131
125
131
131
131
132
132
132
131
131
131
131
131
136
132
132
131
132
132
131
131
136
136
136
136
136
136
132
132
158
162
162
162
162
132
131
131
132
132
131
131
131
131
131
131
131
125
125
125
125
126
126
133
127
143
143
143
124
124
124
123
124
124
124
124
124
124
124
124
116
120
120
120
116
116
116
128
129
129
129
129
129
129
129
129
129
129
129
129
151
151
151
133
119
120
120
134
134
138
138
133
160
155
142
142
142
133
140
140
133
122
127
127
127
155
155
155
129
129
130
130
130
130
129
130
123
120
120
120
120
120
120
120
119
120
119
120
120
120
120
120
120
120
120
123
123
123
150
150
150
155
150
155
155
150
161
161
134
146
146
146
145
135
129
123
129
129
129
129
129
129
151
118
115
115
118
134
128
128
159
155
160
155
155
155
155
155
155
155
155
9
16
14
21
28
22
22
22
28
22
22
22
22
3
3
4
3
4
3
3
3
3
4
8
8
3
3
8
7
4
4
3
3
3
3
7
7
4
3
4
3
7
8
7
7
4
7
3
8
3
3
3
3
4
4
4
4
3
3
171
171
171
13
20
20
20
170
170
170
170
5
5
7
7
7
23
34
35
35
35
4
8
8
8
8
8
8
8
15
37
37
29
22
29
29
29
29
36
36
29
14
172
170
172
172
173
173
173
173
173
173
172
173
173
173
173
173
1
173
1
173
173
173
82
82
81
82
76
104
95
108
82
96
95
103
105
104
80
100
102
101
89
82
97
94
95
101
102
108
82
105
87
102
104
104
103
95
90
88
88
88
88
96
108
82
96
95
95
106
81
81
96
104
105
82
76
106
82
102
102
101
105
108
108
96
96
96
75
75
107
107
103
103
87
101
104
104
77
81
96
96
96
81
77
85
82
82
82
107
103
103
103
103
81
87
87
103
74
74
74
74
74
74
69
65
73
74
74
69
74
69
69
74
74
74
74
74
74
74
74
74
69
74
74
74
69
83
63
60
60
60
60
60
60
60
61
64
79
73
72
72
71
68
72
72
71
72
72
72
72
72
72
72
72
71
71
72
63
63
63
63
72
46
47
51
51
51
51
51
51
51
51
51
55
55
51
56
56
56
55
55
55
58
58
58
50
50
50
99
92
99
92
92
93
92
92
93
92
92
92
99
92
93
92
92
92
92
93
92
99
99
92
92
92
92
99
84
84
84
84
84
84
84
84
84
84
84
84
84
84
84
84
84
84
84
84
84
49
67
70
67
41
42
42
40
40
40
45
45
57
42
62
42
42
53
54
54
44
44
41
98
98
49
44
78
78
78
78
44
48
45
45
54
53
53
44
59
44
59
53
40
44
41
41
59
42
52
42
42
42
42
42
42
86
86
44
44
44
45
42
41
44
44
44
42
42
40
42
42
42
42
42
40
40
40
42
42
42
42
45
45
42
41
43
42
59
43
43
44
91
91
41
41
66
66
66
52
53
44
26
19
17
18
26
18
26
26
26
27
27
11
6
11
11
11
12
12
12
2
2
39
38
30
30
30
38
30
26
25
19
27
27
27
27
27
27
27
27
27
26
26
26
26
27
27
27
27
26
33
26
27
27
33
33
26
12
12
12
26
27
26
33
27
26
19
12
19
26
27
27
27
26
27
26
26
26
26
24
24
25
24
31
25
10
24
24
32
32
32
33
33
33
32
167
169
169
169
169
169
169
169
169
166
168
169
147
152
152
147
147
152
156
147
157
148
148
148
