21.71
50
20
20
20
65.8
20
20
50
63.4
19.9
34.6
23.86
20
20
60
50
60
20
19.53
20
20
20.94
18.8
40
20
20
20
43
20
30
20
20
50
44
43
20
50
30
13
40
20
20
12.4
20
24
38.54
50
20
19.8
21
40
20
20.34
24.15
21
70
20
30
20
10
90
20
15
80
60
40
40
20
30
20
20
20
18.5
65
50
25
20
30
30
19.23
20
25
2
70
20
22.86
35.05
30.48
30.48
20
8
14
50
45.72
22.86
29
20
2
30.48
20
22.86
20
15
15.24
40
20
22.03
23.5
22.9
26
30.5
30.5
22.2
50
20
29.8
25
18.3
12.2
23
20
20
20
20
15.4
20
30.48
20
20
9.66
9.4
20
20
40
9.56
21.1
40
17.66
9.99
9.4
10
20
9.85
22.86
30.48
30
20
15.32
18.79
22.86
10
29.78
10
11.4
30
50
20
20
20
30.48
24.57
22.9
30.5
30.5
20
40
18
20
20.01
21.57
21.4
20
