1983
1972
1990
1994
1980
1984
1992
1994
1977
1973
1984
1984
1985
1990
1990
1995
1983
1984
1983
1991
1986
1991
1989
1973
1976
1994
1992
1985
1990
1993
1987
1987
1990
1985
1993
1971
1990
1988
1988
1989
1997
1994
1976
1995
1990
1994
1988
1978
1996
1965
1997
1991
1990
1990
1985
1996
1990
1968
1990
1991
1988
1978
1988
2014
1987
1991
1989
1975
1991
1986
1977
1990
2000
1991
2010
2010
2010
1988
1992
1979
2010
2010
2011
1994
2010
1981
2012
1972
1974
1972
1988
2003
2003
1983
1969
2011
1982
1987
2003
1974
2008
1980
2010
2010
1982
1974
2009
1983
1981
1978
1981
1975
1985
1985
1967
1969
1985
1975
1979
1982
1975
1966
1970
1967
1999
1999
1994
1969
1980
1967
2000
1999
1995
1995
1967
2001
1993
1995
2002
2003
2003
2003
1993
2003
1962
1963
1991
1979
1992
1989
1964
1991
1995
1995
1992
1991
1979
1998
1987
1986
1967
1998
1986
1978
1982
1979
1976
1976
1976
1983
1991
1982
1986
