9.96921e+36
9.96921e+36
9.96921e+36
9.96921e+36
9.96921e+36
9.96921e+36
9.96921e+36
9.96921e+36
9.96921e+36
9.96921e+36
9.96921e+36
9.96921e+36
9.96921e+36
9.96921e+36
9.96921e+36
-0.9732139
-0.9088268
-0.9149247
-0.9809918
-1.071804
-1.14189
-1.155037
-1.097425
-0.9802306
-0.8331708
-0.6897796
-0.5741524
-0.4977871
-0.4605873
-0.4545908
-0.4696311
-0.4962116
-0.5297587
-0.569638
-0.6130549
-0.6610901
-0.7208875
-0.7997355
-0.8984832
-1.008226
-1.110594
-1.18234
-1.203938
-1.168185
-1.080059
-0.9520791
-0.8012243
-0.6453635
-0.4987031
-0.3697518
-0.2659664
-0.1943681
-0.1580307
-0.1573176
-0.1919991
-0.2555
-0.3322987
-0.4009244
-0.4399943
-0.4362144
-0.3885008
-0.3099438
-0.2237491
-0.1547171
-0.1215884
-0.1291868
-0.1690334
-0.2276974
-0.2933494
-0.3557415
-0.4059208
-0.4372338
-0.4430148
-0.4169273
-0.3574738
-0.2712308
-0.1738898
-0.08508457
-0.02032613
0.01522748
0.02585248
0.01831023
-0.001699232
-0.02774552
-0.05278324
-0.07276848
-0.08561075
-0.08869318
-0.08057467
-0.06211612
-0.03406483
0.002541481
0.04130432
0.07175541
0.08125132
0.06009526
0.009866484
-0.05562457
-0.1180594
-0.1654413
-0.195461
-0.2142396
-0.2324809
-0.2564266
-0.2808558
-0.2906509
-0.2707527
-0.2183572
-0.1448025
-0.0704736
-0.01703428
0.001731922
-0.01152039
-0.04093133
-0.06721971
-0.07604957
-0.06388325
-0.03818875
-0.01254208
-0.0008783409
-0.01152223
-0.04475825
-0.0913581
-0.1368065
-0.1667094
-0.1711772
-0.1471937
-0.1001288
-0.04208111
0.01407076
0.06102106
0.09706173
0.1228019
0.1412353
0.1550012
0.1615265
0.1566955
0.140899
0.1204598
0.1039946
0.1005436
0.1183246
0.1586656
0.2135291
0.2693174
0.3120184
0.3338851
0.3366364
0.329901
0.3249523
0.3279136
0.3387199
0.3529504
0.3631289
0.3636959
0.3554072
0.341832
0.3288128
9.96921e+36
9.96921e+36
9.96921e+36
9.96921e+36
9.96921e+36
9.96921e+36
9.96921e+36
9.96921e+36
9.96921e+36
