9.96921e+36
9.96921e+36
9.96921e+36
9.96921e+36
9.96921e+36
9.96921e+36
-0.6416667
-0.5994305
-0.5905141
-0.9863352
-0.6101341
-0.9605513
-0.6004532
-0.6019735
-0.766831
-0.8641762
-0.7631013
-0.2194283
-0.3697751
-0.5192516
-0.3412135
-0.1246551
-0.3207503
-0.5304481
-0.9310546
-0.8714685
-0.5051762
-0.3396284
0.1379615
-0.7745112
-0.2477907
-0.5442253
-0.2412732
-0.6537965
-0.3397977
-0.4068239
-0.3131506
-0.6792102
-0.2738252
0.105158
-0.4760043
-0.8094364
-0.5200728
-0.5011569
-1.073282
-0.7514048
-0.6958148
-0.2017089
-0.2779449
-0.6272543
-0.4344729
-0.3599029
-0.3899054
-0.750873
-0.7836067
-0.8647679
-0.05603889
-0.5933745
-0.8548771
-0.7900537
-0.3481151
-0.6047639
-0.1175098
-0.6442212
0.2057935
0.2077677
-0.450527
-1.010966
-0.5074503
-0.1023465
-0.4633542
-0.1327742
-0.391607
-0.3393871
-0.6687793
-0.7661795
-0.1708071
-0.5159177
-0.0254094
-0.808133
-0.30312
-0.4643288
-0.3278847
-0.3901341
-0.3291516
-0.4606897
-0.2007042
-0.2915264
0.1997943
-0.4100067
-0.1471064
-0.4636486
0.1482313
-0.4968
-0.3282644
-0.2137346
-0.509021
-0.2296223
-0.3474882
-0.6923411
-0.3937083
-0.3953686
-0.2382193
-0.3825261
-0.3122487
-0.2160187
-0.6701348
-0.1232867
0.14326
0.08821721
-0.5988798
-0.00661727
-0.04313332
-0.2002935
-0.1669172
-0.02522981
-0.4339589
-0.2192541
-0.3430648
-0.0491077
-0.06928317
-0.1943272
-0.01102415
0.4935489
-0.4552365
-0.07140675
-0.4868584
-0.1035228
-0.1412011
0.2213002
0.4909751
0.2435582
-0.06719391
0.312002
-0.2709826
0.09420867
0.1428281
0.1581142
0.6941155
-0.006446977
0.3264796
0.3564669
0.02343173
0.1609975
0.06597143
0.1972592
0.405453
0.1527168
0.8224947
0.2425178
0.01250893
0.1040611
0.5320201
0.5018089
0.389798
0.8213549
0.3467529
0.540631
0.2605868
0.6758442
0.3865729
-0.01084925
0.1377518
0.9565102
0.7577692
0.7122819
0.2469542
