0.3416667
0.275
0.1666667
-0.07158378
9.96921e+36
-0.2536948
-0.3762505
-0.6230541
-0.8410978
-0.8496632
-0.641047
-0.7327974
-0.6732203
-1.092928
-0.7988528
-0.6805155
-0.7521273
-0.4471807
-0.634666
-0.6775444
-0.6817545
-0.5721208
-0.6198828
-0.3665243
-0.9654194
-0.7330217
-0.5328504
-0.2466271
-0.334848
-0.7706353
-0.3436807
-0.4655798
-0.4420038
-0.6226317
-0.5859747
-0.5689549
-0.4504613
-0.6671079
-0.4001362
-0.1936317
-0.708776
-0.6564032
-0.7427956
-0.78925
-0.9172145
-0.7351546
-0.5187696
-0.3917328
-0.5531958
-0.4922017
-0.2350056
-0.3213038
-0.2745236
-0.52426
-0.6580352
-0.4896241
-0.2828518
-0.623822
-0.5561557
-0.5429904
-0.4585914
-0.5910109
-0.147432
-0.2772914
0.0550915
0.09003186
-0.332812
-0.7230851
-0.4827308
-0.08810323
-0.2844738
-0.2996707
-0.2788494
-0.3065976
-0.4492361
-0.4588418
-0.05755629
-0.2695519
-0.1235371
-0.3885351
-0.1699263
-0.2202919
-0.06817202
-0.1891474
-0.2125364
-0.2722659
-0.1623268
-0.1541628
-0.03213193
-0.2331429
-0.005705468
-0.01213908
0.01861273
-0.2377744
0.03335404
-0.02458659
-0.192866
-0.06397818
-0.1652728
-0.2392855
-0.2770493
-0.1995025
-0.04393465
-0.09436022
-0.1974339
-0.3305165
-0.468217
-0.04592017
0.0897354
0.03343445
-0.1647218
0.0562943
-0.09862316
-0.06871743
-0.2331673
-0.1367379
-0.1249005
-0.1261718
-0.2585973
0.1526742
0.05216461
-0.2640104
0.01912243
0.1811713
-0.3513608
-0.2259375
-0.3304601
0.05225052
-0.06497724
0.09535259
0.213816
0.05236911
0.06682958
0.3430023
-0.007102079
0.04071452
0.1114223
0.3560623
0.3137247
0.03551448
0.2558932
0.2518996
0.1506867
0.2006163
0.2217817
0.3232127
0.2082315
0.3878371
0.7646006
0.2704592
0.1696194
0.3595289
0.5652699
0.5432725
0.4253085
0.6401241
0.4885978
0.4518045
0.3577756
0.6153613
0.5507269
0.27793
0.4160708
0.5724112
0.6268155
0.8166039
0.2707807
