51.13
51.18
50.96
50.99
51.12
49.97
49.99
49.21
49.22
45.4
48.29
48.31
49.17
49.23
55.53
56.01
55.71
56.94
56.96
44.64
55.51
55.51
55.57
45.82
45.82
48.53
58.65
57.89
48.85
48.97
49.37
49.38
48.94
49.82
49.83
49.1
50.38
50.39
49.12
55.51
55.54
49.42
49.69
49.69
48.86
51.83
51.83
50.71
50.71
49.77
43.76
43.76
50.18
51.14
49.48
48.66
49.06
49.14
48.6
48.63
50.52
50.51
50.52
49.77
50.18
49.2
48.95
48.74
48.74
46.66
45.01
44.92
46.27
43.86
45.78
62.51
46.65
46.63
46.61
46.38
46.41
46.52
46.43
46.55
46.65
49.88
49.15
49.76
52.63
52.63
51
49.18
49.19
49.19
49.18
49.18
49.18
48.86
48.95
48.95
48.95
49.69
49.68
49.72
48
56.6
56.6
49.88
49.88
50.65
50.1
46.05
46.05
54.64
54.78
54.89
55.73
46.93
45.68
50.25
56.8
56.9
56.63
49.91
49.91
49.9
48.65
51.52
51.52
49.58
47.61
50.66
54.63
54.63
60.99
60.99
60.99
62.47
60.35
50.43
50.42
50.42
50.42
45.54
45.63
45.73
47.56
49.29
47.72
48.3
48.3
48.3
47.94
47.94
49.71
49.78
50.92
50.95
50.88
50.9
49.03
46.49
48.28
48.28
48.1
48.1
48.83
48.82
48.8
48.79
49.6
49.62
49.79
49.8
49.72
49.71
49.72
47.4
47.4
47.4
47.4
44.5
44.53
43.87
44.86
44.87
44.87
44.72
44.72
46.44
46.43
46.43
49.47
48.06
49.89
49.9
49.88
49.88
47.7
48.13
48.14
48.25
48.51
48.52
48.52
48.52
49.24
49.24
49.6
49.49
49.49
49.48
45.48
48.53
48.53
48.53
54.88
54.88
54.72
54.57
54.79
54.87
54.85
50.21
50.3
55.7
55.74
55.91
55.9
55.49
55.49
55.75
54.64
54.21
54.58
54.86
54.58
49.79
51.01
51.01
56.48
56.73
56.91
56.91
56.63
56.91
55.29
56.13
56.13
56.13
54.64
54.66
54.66
56.83
55.75
55.75
55.75
55.75
55.17
54.85
54.62
55.16
54.79
54.79
55.87
55.87
55.83
55.83
55.49
55.49
55.49
55.49
54.76
54.76
50.21
56.33
56.33
56.32
56.32
54.72
55.2
55.2
54.77
54.93
55.75
55.75
55.76
55.75
56.15
56.16
56.15
58.38
58.23
58.23
58.23
52.02
50.92
49.2
49.4
33.27
33.5
33.5
33.03
31.97
31.87
35.13
33.63
33.63
33.63
31.83
31.88
31.88
31.88
31.88
39.7
35.27
37.13
37.1
38.87
38.83
38.55
40.05
39.97
38.27
38.27
39.78
39.43
37.93
39
39.95
38.13
38.15
39.87
38.68
39
39
39
48.5
41.6
38.88
38.37
42.6
42.6
43.17
43.8
48.3
44.4
44.05
47.4
46.75
46.73
48.5
47.82
47.82
48.4
46.72
45.05
45.38
45.38
42.78
41.08
41.1
36.68
35.47
32.02
31.85
32.33
32.33
36.72
32.8
37.97
38.32
38.32
38.57
39.2
39.2
39.2
39.2
40.3
37.18
40.68
35.48
35.38
38.23
38.23
38.23
38.32
38.32
38.32
39.28
39.08
39.07
44.25
44.27
44.27
42.45
42.42
43.3
44.58
40.35
18.25
18.15
42.6
33.28
33.28
33.28
35.92
31.45
39.98
39.87
38.61
38.58
38.71
38.73
38.69
38.8
36.87
48.07
46.53
46.53
46.35
43.74
43.87
42.77
45.43
43.25
44.72
44.1
44.1
43.33
43.33
44.33
44.33
44.23
43.28
40.25
42
52.18
55.59
52.3
54.91
53.25
53.5
53.83
53.61
54.42
53.25
53.25
50.73
50.27
49.4
50.25
49.88
50.73
50.71
50.07
50.23
48.9
49.91
49.91
50.11
50.11
48.95
50.09
49.72
49.74
50.44
50.72
50.57
50.36
50.15
50.15
49.39
50.38
49.77
50.5
50.09
49.72
50.54
50.54
49.82
50.17
50.62
49.72
50.42
50.42
50.42
50.42
49.86
49.86
49.86
49.96
50.09
50.09
37.6
37.56
37.69
61.65
60.32
62.78
63.67
53.22
53.63
53.65
53.41
42.72
43.17
50.64
50.74
50.31
45
56
50.5
50.5
50.5
46.07
46.52
46.57
46.73
46.63
45.87
46.67
46.25
49.03
44.95
44.95
48.72
50.43
48.18
48.18
48.02
49.55
47.57
47.63
48.7
50.32
57.07
54.79
57.28
57.14
51.66
50.85
53.54
53.86
53.09
52.76
57
50.62
54.47
54.02
54.88
54.67
52.28
53.89
52.74
50.71
50.65
52.22
-31.3587
-31.3569
-28.1654
-31.0082
-27.6891
-36.9875
-20.53
-34
-31.0384
-32.55
-20.55
-31.45
-42.2
-35.6
-19.68
-20.32
-38.13
-32.8
-20.11
-31.2
-35.08
-16.47
-20.53
-32.25
-35.33
-34.42
-32.33
-42
-13.03
-37.05
-35.3
-35.07
-34.07
-20.53
-30.61
-19.66
-19.45
-19.45
-19.45
-33.2
-34.31
-31.63
-32.98
-20.53
-20.53
-23.63
-28.48
-28.5
-33.2
-37.83
-42.83
-31.23
-26.42
-23.28
-32.33
-38.38
-38.38
-31.95
-41.75
-34.42
-34
-33.93
-33.93
-33.93
-24.6458
-24.6436
-29.9521
-29.9517
-32.1081
-32.1141
-13.5363
-31.35
-35.5478
-35.5446
-32.4231
-28.9314
-34.5437
-34.5387
-34.5456
-28.575
-32.7215
-19.5855
-31.3999
-31.3958
-31.3954
-25.6745
-32.1091
-32.1119
-31.3969
-31.3967
-28.8951
-14.1423
-14.1332
-33.8392
25.23
27.18
27.37
26.64
26.33
26.42
25.42
19.87
34.43
28.92
28.25
25.75
28.38
27.53
29.02
28.25
27.97
27.97
27.97
28.85
28.08
28
27.97
27.97
27.37
27.97
27.97
27.97
27.92
42.7237
28.27
37.88
38.17
38
38.37
38.57
38.7
38.58
31.38
34.2261
29.23
31
39.7
35.1
40.68
35.6
39.5
37
40.5
38.72
38.97
36.25
36.48
37.15
37
37
39.92
40.55
40.55
39.3
25.04
25.57
25.04
25.58
38.92
19.6
14.84
12.8
12.66
12.51
13.12
13.26
12.78
13.19
13.3
13.29
20.51
20.51
11.8
12.7
12.7
12.7
20.03
20.03
21.18
22.7
22.7
22.7
28.2
28.2
28.2
35.99
35.19
35.62
36.18
35.76
34.6
35.79
35.8
34.47
35.78
35.9
36.07
36
35.75
34.73
35.75
35.66
35.91
36.16
34.6
36.19
35.6
35.44
35.28
36.26
35.8
35.81
36.06
37.5692
37.4886
37.6368
37.6366
37.5439
37.4981
37.3344
37.5474
37.5457
37.5502
37.5833
37.7566
37.7582
37.7678
37.759
37.7564
37.7549
37.7543
35.4115
35.4037
35.4142
43.08
49.08
51.5
49.08
55.5
53.5
53.42
61.67
61.67
61.67
54.08
54.2
55
52
59.48
52.17
51.17
51
49.83
49.83
56.87
56.87
56.82
71.12
71.12
42.65
56.37
63.8
63.73
63.75
63.51
56.72
50.25
52.08
52.08
49.5
53.37
51
56.47
51.17
55
54.12
50.17
61.18
58.37
58.32
58.32
54
50.5
55.4
50.17
50.17
50.17
50.33
50.17
54.92
70.65
70.63
55.65
55.65
55.67
52.58
50.42
58.72
55.35
55.35
55.35
52
52
61.45
51.5
53.57
53.58
52.95
54.33
60.68
60.68
60.68
52
50.92
52.08
52.08
52.58
52.58
53.67
56.65
49.25
54.25
53.83
48.17
48.17
55.67
68.98
69.02
58.17
58.17
66.42
66.42
66.42
55.17
51.17
56.48
-20.5
-25.23
-18.52
-23.83
-23.47
-22.62
-22
-22.07
-21.23
-28.82
-29.15
-23.53
-20.8
-23.55
-23.57
-20.88
-27.95
-27.95
-27.35
14.83
14.42
-5.4
-4.38
-2.88
-2.88
-4.42
-2.61
-4.9
-24.92
-18.75
-28.3
-26.7
-25.6
-25.53
-25.43
-25.48
-26.61
-26.07
-26.53
-26.45
-24.03
-24.15
-22.28
-22.28
-26.02
-26.8
-26.8
-26.78
-24.35
-24.97
-23.4
-25.47
-26.28
-23.12
-23.12
-24.12
-28.7
-29.33
-29.33
-24.35
-25.07
-24.95
-22.32
-25.65
-24.73
-29.33
-29.35
-29.06
-24.03
-27.28
-25.63
-25.63
-24.82
-25.48
-23.4
-24.97
-23.43
-24.83
-13.92
-13.92
-15.82
-13.08
-12.58
-15.92
-15.92
-12.23
-12.73
-18.1
-16
-19.27
-20.63
-20.63
-20.63
-18.88
-13.5
-6.33
-9.47
-9.47
-9.47
-9.07
-9.47
-9.47
-9.47
-23.32
-21.92
-9.68
23.19
20.04
21.53
22.57
23.08
21.96
20.16
23.18
-17.27
-4.45
-4.45
-4.28
