-93.94
-93.86
-93.17
-93.14
-92.89
-91.11
-91.12
-89.65
-89.65
-75.72
-89.49
-89.63
-85.9
-85.9
-98.26
-97.64
-97.95
-101.11
-101.22
-63.59
-98.16
-98.27
-98.26
-74.02
-74.01
-72.25
-130.01
-130.85
-94.07
-94.13
-93.8
-93.75
-94.15
-92.75
-92.7
-80.94
-94.7
-94.71
-89.03
-98.23
-98.27
-82.38
-83.53
-83.54
-86.98
-89.6
-89.6
-90.48
-90.48
-91.37
-66
-66
-89.14
-93.85
-92.08
-92.2
-91.37
-91.36
-90.79
-90.78
-88.09
-88.1
-87.97
-89.23
-89.14
-88.93
-87.95
-81.44
-81.44
-80.87
-76.06
-63.48
-63.45
-77.24
-63.45
-114.42
-81.3
-81.39
-81.43
-81.44
-81.39
-81.08
-81.32
-81.16
-81.34
-74.35
-117.19
-116.86
-121.56
-121.56
-94.2
-85.85
-85.81
-85.85
-85.81
-85.85
-85.85
-64.68
-65.53
-65.53
-65.53
-115.89
-115.94
-116
-56
-126.69
-126.69
-91
-90.88
-120.47
-85.9
-77.43
-77.43
-102.04
-101.88
-99.97
-97.77
-66.67
-66.68
-95.85
-101.1
-100.95
-101.65
-56.05
-56.05
-56.08
-78.44
-119.81
-119.81
-125.61
-69.46
-120.51
-124.43
-124.43
-133.75
-133.75
-133.75
-129.22
-127.33
-95.44
-95.42
-95.41
-95.45
-62.6
-62.63
-65.25
-66.3
-57.38
-65.88
-82.43
-82.43
-82.43
-82.41
-82.41
-77.74
-77.64
-106.96
-107
-106.86
-106.9
-100.55
-72.95
-79.1
-79.09
-77.56
-77.56
-65.96
-66.02
-66.13
-66.15
-75.85
-75.87
-74.81
-74.81
-77.73
-77.73
-77.74
-78.71
-78.71
-78.71
-78.71
-77.45
-77.79
-78.72
-78.5
-77.72
-77.72
-77.18
-77.18
-81.07
-81.05
-81.05
-72.77
-77.53
-74.17
-74.17
-74.33
-74.33
-70.09
-77.58
-77.6
-78.44
-80.28
-79.72
-79.72
-79.72
-76.65
-76.65
-75.98
-76.17
-76.17
-74.61
-74.62
-77.69
-77.69
-77.69
-98.64
-98.64
-101.83
-100.38
-101.89
-99.98
-99.95
-66.64
-66.43
-97.9
-97.82
-97.67
-97.68
-98.13
-98.13
-97.81
-101.85
-100.23
-103.2
-101.74
-103.2
-74.03
-74.47
-74.47
-99.61
-100.95
-100.44
-100.44
-101.63
-100.44
-105.02
-103.71
-103.7
-103.7
-102.83
-102.06
-102.06
-101.1
-104.56
-104.56
-104.56
-104.55
-97.46
-100.11
-101.97
-100.76
-101.57
-101.57
-102.74
-102.74
-97.76
-97.78
-98.13
-98.13
-98.13
-98.13
-100.21
-100.22
-66.64
-62.11
-62.11
-62.05
-62.05
-101.5
-101.36
-101.36
-101.84
-100.56
-104.55
-104.58
-104.56
-104.56
-103.14
-103.12
-103.14
-109.54
-109.52
-109.52
-109.52
-107.12
-106.96
-100.5
-106.4
-86.02
-86.8
-86.8
-110.6
-111
-110.8
-113.1
-114.3
-114.3
-114.3
-110.7
-111.1
-111.1
-111.1
-111.1
-122.8
-119.3
-118.9
-119.3
-120.6
-121.1
-120.5
-108.3
-108.4
-105.5
-105.5
-105.2
-106.1
-107.6
-107
-108.3
-105.4
-105.4
-105.5
-106.5
-77
-77
-77
-101.2
-116.03
-117.82
-118.81
-102.7
-102.7
-95.19
-99.8
-101.5
-68.62
-70.62
-88.02
-89.57
-89.57
-101.3
-91.72
-91.72
-101.5
-112.3
-109.9
-109.9
-109.9
-72.13
-74.6
-74.58
-107.2
-106.1
-105.4
-108.3
-108.7
-108.7
-105.4
-108
-114.5
-117.8
-117.8
-116.9
-118.3
-118.3
-118.3
-118.3
-116.6
-116.2
-117
-115.1
-115.1
-117.5
-117.5
-117.5
-117.3
-117.3
-117.5
-114.3
-114.6
-114.9
-75.42
-75.4
-75.4
-74.45
-76.9
-73.62
-73.9
-75.83
-66.8
-67.17
-102.2
-81.67
-81.67
-81.67
-84.32
-104.8
-109.6
-112
-109.67
-109.62
-109.85
-109.87
-109.48
-109.32
-77.9
-118.7
-122.8
-122.8
-119.2
-102.23
-109.2
-109.5
-69.2
-72.5
-68.6
-72
-72
-72.55
-72.55
-74.27
-74.27
-73.47
-72.82
19.67
23
23.7
28.78
30.97
26.83
26.66
27.98
30.67
26.4
29.02
27
27
14.87
14.13
12.78
14.07
12.65
13.76
13.85
13.57
12.86
14.32
16.6
16.6
12.81
12.81
16.51
16.71
14.05
12.89
13.03
13.73
14.86
14.58
15.7
15.7
14.8
12.78
12.68
13.82
15.55
15.85
16.06
16.07
12.66
16.09
14.17
15.85
12.92
12.92
12.92
12.9
12.2
12.2
12.5
12
11.91
11.76
-6.83
-6.78
-7.33
22.68
25.53
29.22
26.08
-8.13
-7.76
-6.74
-7.12
13.86
13.6
17.69
17.55
16.71
26
38
35.5
35.5
35.5
14.58
16.22
15.7
16.2
16.12
15.43
15.75
15.17
23.97
38.5
38.5
33.57
29.22
31.08
31.08
31.07
31.22
35.83
35.82
32.2
24.08
-2.99
-6.33
-2.55
-3.67
-1.05
-2.93
-0.03
-2.37
-2.47
-1.29
-2.75
-2.53
-2.68
-1.17
-3.36
-3.06
0.85
-3.02
0.12
-3.32
-3.37
-2.2
121.4971
121.4965
120.9176
121.9214
117.8325
147.9131
139.48
151.25
121.9401
138.48
139.48
145.48
148.2
149.45
123.23
140.2
141.53
144.2
133.66
121.68
139.25
136.05
139.48
140.93
141.2
150.75
121.61
146.5
131.08
142.78
149.15
149.57
149.57
139.48
134.5
134.22
133.82
133.82
133.82
139.47
150.73
121.53
135.55
139.48
139.48
150.37
122.23
122.23
139.47
149.27
147.25
121.68
119.08
150.65
121.61
141.58
141.58
141.47
145.5
150.86
150
137.97
137.97
137.97
118.5822
118.5841
151.0233
151.0232
146.3204
146.3237
131.3701
140.003
149.7475
149.7494
119.7062
121.3668
137.8744
137.8788
137.8693
122.2896
119.8138
128.8675
121.8196
121.82
121.8178
152.7172
146.3269
146.3234
146.7329
146.7348
121.3344
132.1021
132.1051
147.43
117.72
118.81
118.3
118.18
116.94
117.77
113.18
109.97
118.76
115.02
115.82
114.85
115.87
113.8
114.37
115.82
116.33
116.33
116.33
115.82
115.55
115
116.33
116.33
114.7
116.33
116.33
116.33
114.98
127.0529
102.22
92.25
90.65
91
91.13
93.33
93.33
92.4
91.88
108.9951
120.63
117.32
116.5
118.3
115.5
114.3
116.2
115
117
116.1
116.1
116.12
118.12
118.4
118
118
116.43
116.98
116.98
116.55
101.51
101.21
101.51
100.22
117.45
74.79
74.64
77.7
77.21
77.17
77.19
77.29
77.77
77.82
77.81
77.73
80.76
80.76
78
80
80
80
80.72
80.72
80.07
86.27
86.27
86.27
75.93
75.93
75.93
140.49
136.79
140.13
139.57
139.7
135.46
139.84
139.75
135.41
139.53
139.82
139.51
140.13
139.62
135.57
139.77
139.85
139.63
139.65
135.46
139.95
140.12
140.08
136.89
139.65
139.47
139.77
140.13
127.0912
127.025
127.075
127.0753
126.88
126.8164
126.7683
127.196
127.195
127.1972
127.1975
127.509
127.4948
127.5011
127.5057
127.5071
127.5119
127.4999
129.2847
129.2939
129.2806
76.92
114.25
118
114.25
59.83
59.08
59.08
59.77
59.77
59.77
60.83
60.83
89.5
59.83
96.67
58.08
59.17
82.92
84.33
84.33
60.83
60.83
59
141.82
141.77
77.08
60.23
123.18
124.2
124.07
123.88
60.08
79.75
61.67
61.67
83.67
83.87
81.47
60.2
93.47
60.17
92.92
82.33
59.97
60.07
59.84
59.87
93.75
59.08
82.87
58.42
58.42
58.42
58.5
58.42
59.92
134.5
134.53
60.05
60.05
60.17
62.75
59.08
59.12
60.73
60.73
60.73
58.25
58.25
59.95
57.5
59.27
59.33
58.55
59.42
59.72
59.72
59.72
55
59.58
58.33
58.33
62.75
62.75
58.5
59.37
58.67
59.5
93.83
58.42
58.42
61.58
139.28
139.25
59.85
59.85
112.5
112.5
112.5
82.83
82.16
60.12
26.6
21.97
24.32
22.03
27.03
24.25
27.83
27.8
27.52
28.47
28.48
15.3
14.45
15.42
15.27
16.48
16.77
16.77
18.08
0.92
0.33
37.29
35.17
30.57
30.57
34.37
36.47
34.88
29.15
29.22
21.05
26.56
27.28
27.25
27.17
27.2
26.59
28.52
26.75
26.86
28.92
29.25
29.33
29.33
28.77
26.47
26.48
26.5
29.57
30.08
28.57
28.58
25
30.9
30.9
29.27
17.88
18.02
17.88
29.43
29.22
27.13
30.05
28.18
27.47
21.78
19.62
20.78
28.92
25.5
27.43
27.5
27.3
28.58
28.57
27.5
28.23
27.33
29.2
29.2
27.92
28.05
31.65
28.15
18.13
25.82
28.12
30.42
30.42
30.18
31.58
31.58
31.58
32.67
-48.25
-36.58
-39.83
-39.83
-39.83
-39.93
-39.83
-39.84
-39.84
-50.32
-46.42
-39.85
-82.03
-76.94
-77.89
-83.94
-81.32
-79.96
-74.78
-82.09
-70.65
-81.27
-81.27
-81.17
