01 08
01 16
03 08
03 09
03 10
03 23
04 08
04 09
04 10
04 22
04 23
04 24
05 06
05 08
05 09
05 10
05 22
05 23
05 24
06 06
06 07
06 08
06 09
06 21
06 22
06 23
06 24
07 08
07 09
07 19
07 21
07 22
07 23
08 07
08 08
08 09
08 10
08 19
08 20
12 06
12 07
12 08
12 09
13 07
13 08
15 15
15 16
16 08
16 10
16 13
16 16
17 07
17 08
17 09
17 14
17 16
18 07
18 14
19 08
19 11
19 12
20 07
21 13
22 12
22 15
23 05
23 09
23 11
23 13
24 08
24 10
24 11
24 12
24 13
24 23
24 24
24 25
25 06
25 13
25 22
25 24
25 25
26 10
26 11
26 22
27 04
27 21
27 22
27 23
27 25
28 05
28 11
28 12
28 22
28 23
28 25
28 26
29 04
29 11
29 23
29 25
29 26
30 25
30 26
30 27
31 23
31 24
31 25
46 06
46 07
47 06
47 07
47 09
48 08
48 09
48 11
49 08
49 09
49 10
49 11
50 06
50 09
50 11
50 12
51 07
51 08
51 09
51 10
51 11
51 12
52 07
52 08
52 09
52 10
52 12
53 07
53 08
53 10
54 08
54 09
55 08
55 09
55 12
56 09
56 11
56 12
56 14
56 19
57 09
57 10
57 11
57 14
58 08
58 09
58 10
58 14
58 22
59 08
59 09
59 10
59 15
60 07
60 09
60 10
61 09
62 23
63 21
63 23
65 20
71 08
71 11
72 07
72 08
