9.96921e+36
9.96921e+36
9.96921e+36
9.96921e+36
9.96921e+36
9.96921e+36
9.96921e+36
9.96921e+36
9.96921e+36
-0.4898334
-0.4830201
-0.4728321
-0.4560995
-0.4301815
-0.3973038
-0.3634847
-0.3357435
-0.3195682
-0.3194764
-0.338382
-0.3738947
-0.4183986
-0.4607482
-0.4887055
-0.4917882
-0.4670102
-0.4218806
-0.3721711
-0.3390698
-0.339735
-0.3800598
-0.4537366
-0.5435151
-0.6256222
-0.6788529
-0.6933681
-0.6743724
-0.6351897
-0.5900561
-0.5506209
-0.5251268
-0.5156862
-0.5164949
-0.5158782
-0.5020103
-0.4681729
-0.4149365
-0.3516667
-0.2930501
-0.2536491
-0.2432484
-0.2635852
-0.3088983
-0.3663982
-0.421329
-0.4630936
-0.4884109
-0.4993095
-0.4979489
-0.4853301
-0.4623534
-0.4313695
-0.3990782
-0.3747272
-0.3641828
-0.3661032
-0.3726504
-0.3735325
-0.3613431
-0.3341076
-0.2938954
-0.2476096
-0.2071824
-0.1842732
-0.1828018
-0.1980202
-0.2213892
-0.2434639
-0.2572308
-0.2591994
-0.2505241
-0.2343084
-0.2118875
-0.1838585
-0.1511137
-0.1160554
-0.08140324
-0.05149153
-0.03288466
-0.03054939
-0.04540652
-0.06968302
-0.09107536
-0.1013202
-0.1006997
-0.09489204
-0.09098043
-0.0938175
-0.1025709
-0.1140275
-0.1254482
-0.1367892
-0.1501403
-0.1665851
-0.1824336
-0.1889132
-0.176393
-0.1402574
-0.08531138
-0.02542748
0.02205419
0.04223499
0.02804445
-0.01560881
-0.07568762
-0.1390215
-0.1950675
-0.2377574
-0.2636289
-0.271383
-0.2622447
-0.2400316
-0.2100043
-0.1780574
-0.14834
-0.1217879
-0.09333348
-0.05606456
-0.008385222
0.04275471
0.0833375
0.1006758
0.09260976
0.07075216
0.05874876
0.07922914
0.1398716
0.2303598
0.3278109
0.4043567
0.4397625
0.4328561
0.4032139
0.3799922
0.3899736
0.4458372
0.5411817
0.6566029
0.767378
0.8538069
0.9093966
0.9403792
0.9585624
0.973993
0.9902261
1.005222
1.012443
1.00479
9.96921e+36
9.96921e+36
9.96921e+36
9.96921e+36
9.96921e+36
9.96921e+36
9.96921e+36
9.96921e+36
9.96921e+36
