-0.720422
-0.3690414
-0.4359227
-0.6149585
-0.1937092
-0.5988953
-0.6109537
-0.5810207
-0.5537455
0.004309773
-0.7732496
-0.4837944
-0.7207793
0.07522429
-0.8130977
-0.3049996
-0.1569004
-0.460946
-0.2248291
-0.2307294
-0.4167037
-0.6461364
-0.3087606
-0.3825855
-0.2458681
-1.13665
-0.5360779
-0.1821505
0.1710077
-0.5068205
-0.4763073
-0.4768588
-0.2750118
-0.7809749
-0.8530416
-0.7837679
-0.5968782
-0.5458801
-0.7453195
-0.4472629
-0.3533406
-0.5401604
-0.5869952
-0.6585358
-0.2945454
-0.5697376
-0.4833238
-0.4229153
-0.2929444
-0.1655555
-0.1255769
-0.1071922
-0.4160551
-0.4640618
-0.5248677
-0.4682707
-0.1694586
-0.7935973
-0.5273198
-0.4864831
-0.2213981
-0.4529314
-0.7698578
-0.3263542
-0.1139183
-0.153241
-0.4120428
-0.69631
-0.3208261
-0.4600002
-0.3005234
0.1269625
-0.3012582
-0.2379631
-0.4441325
0.05426369
-0.1145075
-0.19429
-0.2849374
-0.7513694
-0.02018913
-0.08088424
-0.07082552
-0.4936581
0.05328171
-0.2041733
-0.1901816
-0.1609761
0.2169718
0.1863405
-0.1585763
-0.1802099
-0.2612311
0.008017331
0.04956181
-0.3217691
0.0234914
-0.1558101
0.1005886
-0.08157401
-0.4181087
-0.1400675
-0.1413639
0.1693971
-0.3398536
0.01364543
-0.6453996
-0.1445968
0.09290652
-0.03770622
-0.107317
0.2713235
0.09490307
0.1360195
-0.3449739
-0.3033923
-0.05506682
-0.1386603
-0.1358199
-0.6391354
-0.1878345
-0.0422947
-0.5692924
0.1505047
-0.2664137
0.1642636
-0.4829991
0.1217136
-0.1124423
0.04501913
-0.09903845
0.4927779
-0.008978195
0.4394674
-0.1877784
-0.2817068
0.1363636
0.1694129
0.4110684
0.5003855
0.8504255
0.4545439
0.1963918
-0.008084547
0.5694944
0.7667288
-0.004885495
0.6287565
1.049285
1.078045
0.7393471
1.003124
0.9913883
0.8079895
0.9549053
0.934698
1.112941
1.28337
0.9551482
0.723747
1.005793
0.8164609
0.9647366
0.9848774
0.9682888
1.484509
0.5835233
