9.96921e+36
9.96921e+36
9.96921e+36
9.96921e+36
9.96921e+36
9.96921e+36
9.96921e+36
9.96921e+36
9.96921e+36
9.96921e+36
9.96921e+36
9.96921e+36
9.96921e+36
9.96921e+36
-0.7745708
-0.7381937
-0.697197
-0.6577337
-0.6275669
-0.6132192
-0.6146487
-0.6246539
-0.633437
-0.6320511
-0.6161045
-0.5860386
-0.5467641
-0.5073557
-0.4770768
-0.4625841
-0.4670904
-0.4871348
-0.512569
-0.5318256
-0.5365242
-0.526235
-0.5084513
-0.4954583
-0.5001076
-0.5301965
-0.5843778
-0.6503422
-0.7088147
-0.7412181
-0.7362686
-0.6927761
-0.6200159
-0.5353825
-0.458358
-0.4031755
-0.3756646
-0.3750699
-0.3951907
-0.4270786
-0.4627198
-0.4961826
-0.5233393
-0.5384736
-0.5329417
-0.4995339
-0.4388017
-0.360735
-0.282908
-0.225218
-0.2019236
-0.2148417
-0.2516223
-0.2930332
-0.3236507
-0.3372046
-0.3363227
-0.3283244
-0.3205298
-0.3152521
-0.3100161
-0.2999729
-0.2816369
-0.2567466
-0.231573
-0.2119704
-0.1996032
-0.1933505
-0.1914574
-0.1912943
-0.1893559
-0.1824908
-0.1693148
-0.1490034
-0.123111
-0.095913
-0.07248662
-0.05652633
-0.04965038
-0.05245827
-0.06514627
-0.08672336
-0.1137864
-0.1402542
-0.1605276
-0.1731802
-0.1811975
-0.1884653
-0.1968549
-0.2049528
-0.2079495
-0.1992131
-0.1743365
-0.135968
-0.09320039
-0.05788963
-0.04068679
-0.04672926
-0.07148146
-0.1029521
-0.1288611
-0.1404513
-0.1342484
-0.1131796
-0.08463736
-0.05869765
-0.04538521
-0.05162934
-0.07638452
-0.1098684
-0.1381174
-0.1479036
-0.1307452
-0.08694837
-0.02643669
0.03502794
0.08447357
0.1161143
0.1307046
0.1356305
0.1409184
0.1520985
0.1686013
0.1860977
0.199945
0.2062729
0.2049605
0.2023335
0.2068146
0.2239663
0.2543292
0.2926384
0.3301588
0.3597297
0.3799081
0.3946423
0.4092248
0.4274262
0.4505131
0.4758081
0.4973129
0.5088001
0.506793
0.4933831
9.96921e+36
9.96921e+36
9.96921e+36
9.96921e+36
9.96921e+36
9.96921e+36
9.96921e+36
9.96921e+36
9.96921e+36
