294.21
405
540
600
200
272.5
520
490
300
290
332
540
401.96
350
600
560
230
240
462.3
402.51
245
600
350.11
380
440
800
800
270.4
482
369.26
260
330
350
280
400
365
600
240
220
600
600
600
480
600
600
201
354.01
380
290
600
300
240
600
570
440.24
595
220
460
600
400
390
450
490
400
520
400
576
320
500
320
370
500
469.18
530
500
450
500
560
410
300
500
594
390
940
345
220
500
350.52
304.79
303.58
200
302
340
300
388.62
500
246
300
300
548.64
480
353.57
500
440
600
304.8
500
449.58
571.3
422.1
387
320
596.2
311.2
410
350
275.9
590.2
274.32
600
422.3
270
388.62
460
600
529.8
300
594.36
594.36
300
596.62
607.23
272.9
235
200
617.57
645.34
600
609.74
770.71
605.6
719.65
596.8
600
274.32
594.36
500
490
620
424.78
598.93
491.42
549.17
600.35
594.4
210
468
600
600.7
480
304.8
641.14
594.4
591
518.5
208
220
221.4
348
493.68
356.36
290.4
380
